2.2474e+007
4.6881e+007
3.81435e+007
2.3124e+007
2.3717e+007
1.14646e+008
1.623e+007
5.33495e+007
2.13975e+007
4.734e+006
1.4369e+007
5.0229e+007
4.99695e+007
3.4504e+007
3.51375e+007
1.9386e+007
1.61745e+007
3.8199e+007
6.35915e+007
2.98515e+007
3.7845e+007
1.67745e+007
8.8348e+007
1.3324e+007
4.221e+007
7.6539e+007
2.53375e+007
4.30485e+007
3.52245e+007
5.3762e+007
2.41395e+007
5.9769e+007
3.095e+007
4.2908e+007
3.7356e+007
2.6307e+007
5.8806e+007
2.4962e+007
3.9554e+007
3.3966e+007
5.3156e+007
1.7424e+007
4.6734e+007
4.0536e+007
7.28045e+007
1.9992e+007
7.31145e+007
2.4281e+007
3.4413e+007
3.15e+007
2.3198e+007
8.57925e+007
7.96605e+007
4.86585e+007
3.44595e+007
3.3438e+007
4.6184e+007
5.795e+006
4.4239e+007
2.46105e+007
3.8844e+007
1.4758e+007
4.47165e+007
2.8653e+007
3.35365e+007
9.69795e+007
3.0387e+007
2.8185e+007
5.4273e+007
2.1501e+007
1.02066e+008
2.286e+007
3.951e+006
4.52235e+007
1.9893e+007
9.355e+006
5.4992e+007
1.3331e+007
3.3048e+007
4.3179e+007
3.672e+006
4.653e+007
9.33365e+007
3.38555e+007
1.22305e+007
1.2135e+007
1.5407e+007
8.2965e+006
3.5661e+007
1.0531e+007
6.7865e+007
2.82425e+007
1.15975e+007
1.6044e+007
9.79465e+007
1.0322e+007
2.5577e+007
1.09712e+008
3.8636e+007
2.9403e+007
1.12545e+007
1.071e+007
1.97445e+007
6.3354e+007
1.03245e+007
1.70115e+007
3.04415e+007
1.44645e+007
8.76705e+007
3.0087e+007
9.23645e+007
3.5367e+007
7.365e+006
2.98305e+007
1.99725e+007
4.4667e+007
1.38e+007
1.45265e+007
5.99485e+007
9.681e+006
7.344e+006
6.2415e+006
2.3205e+007
2.7567e+007
1.2541e+007
4.60995e+007
2.83455e+007
359500
1.9278e+007
2.6806e+007
2.7024e+007
6.5482e+007
8.99665e+007
3.2058e+007
1.0608e+007
3.7431e+007
2.7336e+007
2.68275e+007
1.6264e+007
4.29665e+007
3.14925e+007
6.8508e+007
2.636e+007
1.08845e+007
5.9411e+007
3.30065e+007
2.30395e+007
8.7516e+007
4.9465e+006
5.2255e+006
4.426e+006
8.271e+006
9.6375e+006
2.9603e+007
1.06754e+008
1.6704e+007
1.3503e+007
5.54325e+007
2.0639e+007
3.42435e+007
4.50065e+007
2.4513e+007
5.681e+006
2.573e+007
4.374e+007
5.1336e+007
4.7562e+007
2.5194e+007
3.612e+006
8.766e+006
1.01408e+008
4.416e+006
1.2399e+007
1.04475e+007
3.7764e+007
4.6851e+007
2.39625e+007
1.38625e+007
2.89035e+007
4.12435e+007
7.605e+006
6.3515e+006
5.374e+007
7.5635e+006
1.39835e+007
9.57735e+007
6.2424e+007
1.6044e+007
1.32885e+007
8.679e+006
5.0556e+007
8.23545e+007
8.115e+006
6.924e+006
8.6069e+007
3.7109e+007
1.5363e+007
1.5071e+007
2.196e+007
5.8856e+007
3.35425e+007
2.10815e+007
9.3003e+007
1.296e+007
3.7711e+007
1.10955e+007
3.27615e+007
774500
5.4041e+007
4.2189e+007
1.869e+006
2.32185e+007
7.136e+007
7.229e+006
2.88075e+007
4.396e+006
8.21105e+007
1.84685e+007
2.2929e+007
2.754e+006
5.725e+007
3.3359e+007
6.13035e+007
6.3675e+006
9.4464e+007
1.2223e+007
5.92755e+007
3.18965e+007
7.3962e+007
6.049e+006
6.7305e+006
1.04775e+007
2.92765e+007
1.47615e+007
1.7855e+007
3.194e+007
7.7696e+007
1.6129e+007
4.4894e+007
4.128e+006
2.9693e+007
9.486e+007
2.79915e+007
6.12805e+007
9.6471e+007
1.07445e+007
6.90075e+007
1.58025e+007
1.17285e+007
8.6135e+006
2.9089e+007
6.62655e+007
7.581e+006
1.30245e+007
3.0402e+007
2.091e+007
1.6662e+007
1.3476e+007
2.5017e+007
4.4239e+007
8.3724e+007
6.9331e+007
4.56555e+007
2.3712e+007
1.1322e+007
2.8493e+007
1.4538e+007
1.422e+006
3.9913e+007
1.9602e+007
3.86685e+007
6.2322e+007
1.066e+008
3.2087e+007
2.5151e+007
1.8116e+007
9.4743e+007
2.2503e+007
7.4562e+007
3.764e+006
5.6166e+007
1.12088e+008
1.1755e+007
9.3e+006
4.6944e+007
8.316e+006
6.1047e+007
3.9237e+007
7.29775e+007
1.0436e+007
1.8104e+007
3.32985e+007
3.4544e+007
3.70765e+007
3.0839e+007
3.1863e+007
4.5855e+007
1.02672e+008
1.2714e+007
9.24415e+007
1.1468e+007
3.5575e+007
9.2867e+007
4.0466e+007
1.05845e+007
1.4513e+007
4.544e+006
2.3701e+007
4.1355e+007
3.2592e+007
1.6807e+007
1.221e+007
5.8856e+007
2.3892e+007
3.8767e+007
7.7735e+006
3.2667e+007
8.246e+006
6.5246e+007
5.48815e+007
1.3068e+007
8.24265e+007
8.2971e+007
4.3807e+007
1.31e+006
3.2157e+007
2.46105e+007
3.1863e+007
2.72445e+007
2.403e+006
2.64755e+007
1.0008e+007
3.2811e+007
2.73015e+007
2.601e+006
8.5446e+007
1.7934e+007
7.887e+006
5.62415e+007
3.9336e+007
5.6555e+006
9.3849e+007
4.2486e+007
6.4614e+007
4.84055e+007
1.9116e+007
2.37495e+007
674500
3.02775e+007
4.49805e+007
1.0861e+008
1.41075e+007
2.988e+007
9.48345e+007
9.8274e+007
7.60365e+007
5.184e+007
1.19346e+008
6.22285e+007
6.7248e+007
1.75305e+007
2.85255e+007
3.412e+006
1.439e+006
6.64905e+007
5.9143e+007
6.79785e+007
1.1323e+007
3.7815e+007
1.7421e+007
7.5012e+007
2.309e+006
1.93995e+007
2.043e+006
6.3599e+007
7.4137e+007
1.3794e+007
7.492e+006
1.9389e+007
2.26275e+007
1.7136e+007
3.19395e+007
2.5218e+007
6.8952e+007
2.9235e+007
2.609e+006
8.613e+006
3.6196e+007
8.9208e+007
4.1026e+007
7.66385e+007
1.6416e+007
7.104e+006
1.3663e+007
1.224e+007
5.06715e+007
4.8765e+006
3.04305e+007
2.21955e+007
9.0588e+007
5.1312e+007
5.5592e+007
1.76625e+007
2.62665e+007
1.301e+007
1.0894e+007
6.30165e+007
2.622e+007
1.15535e+007
1.32125e+007
2.29455e+007
8.3607e+007
5.0355e+007
1.6035e+007
1.9032e+007
8.169e+006
1.644e+007
1.05862e+008
1.8333e+007
5.4132e+007
1.824e+006
1.06161e+008
4.5675e+007
4.302e+006
5.7687e+007
1.8405e+007
8.5149e+007
1.88505e+007
6.196e+006
5.77525e+007
1.11765e+007
7.4395e+006
1.55415e+007
7.098e+006
3.36845e+007
3.5775e+007
2.9448e+007
1.07e+006
1.0251e+008
4.6146e+007
9.171e+007
2.72625e+007
1.5969e+007
2.90505e+007
9.59155e+007
6.555e+006
4.1496e+007
1.2241e+007
9.3951e+007
1.18485e+007
9.92265e+007
1.17349e+008
1.60065e+007
3.51635e+007
4.326e+006
1.90695e+007
3.97955e+007
5.50215e+007
8.8005e+007
8.4126e+007
3.0834e+007
2.262e+006
5.9574e+007
2.5107e+007
569500
1.5593e+007
3.11595e+007
1.4634e+007
7.1239e+007
2.2415e+006
3.6972e+007
2.017e+007
1.7082e+007
6.6861e+007
7.9932e+007
4.04305e+007
4.0827e+007
7.6271e+007
7.344e+006
8.6066e+007
5.30385e+007
6.10305e+007
1.3082e+007
5.5596e+007
3.1759e+007
6.5445e+007
2.9796e+007
6.8301e+007
5.6637e+007
6.324e+007
2.7005e+006
6.54045e+007
2.05e+007
1.54375e+007
1.955e+006
1.6279e+007
2.5116e+007
490000
8.6688e+007
4.572e+006
4.34135e+007
1.18885e+007
2.8692e+007
6.6685e+006
6.36095e+007
3.2776e+007
1.6095e+006
1.4572e+007
3.753e+007
4.564e+006
7.813e+006
8.56595e+007
5.1634e+007
7.2386e+007
4.932e+006
8.0175e+007
3.4052e+007
4.6476e+007
1.7565e+006
1.0104e+008
8.412e+006
4.42005e+007
5.2558e+007
1.1853e+007
4.5315e+006
4.01615e+007
4.4283e+007
8.49495e+007
6.456e+006
2.9942e+007
9.5047e+007
2.847e+006
4.131e+007
4.21195e+007
8.1209e+007
6.999e+007
4.65675e+007
4.7401e+007
2.8191e+007
8.9796e+007
6.561e+007
1.18306e+008
2.043e+007
2.1879e+007
5.24055e+007
4.9626e+007
9.204e+007
1.6279e+007
7.6176e+007
2.7657e+007
3.07725e+007
9.3912e+007
5.3852e+007
8.80275e+007
3.1506e+007
4.48725e+007
1.97505e+007
2.1118e+007
9.9275e+006
1.7664e+007
2.91165e+007
795000
1.78765e+007
5.7325e+007
8.328e+006
2.25685e+007
2.1384e+007
1.055e+007
1.00261e+008
2.17545e+007
2.10185e+007
1.8165e+007
1.5365e+007
2.1924e+007
9.8605e+006
1.1952e+007
7.728e+006
5.4096e+007
4.2036e+007
8.28e+006
2.3616e+007
8.262e+006
4.5353e+007
5.74085e+007
1.15125e+007
2.88325e+007
1.68565e+007
1.3373e+007
4.0749e+007
4.19655e+007
4.6571e+007
2.5446e+007
1.1932e+007
1.4064e+007
3.9675e+006
1.1862e+007
7.344e+007
1.3892e+007
3.9207e+007
2.8488e+007
4.1446e+007
3.647e+006
1.82995e+007
4.45995e+007
1.14144e+008
5.05185e+007
8.8895e+006
1.9752e+007
9.38265e+007
1.94895e+007
2.7579e+007
5.517e+006
4.0529e+007
3.5988e+007
2.69985e+007
1.7936e+007
1.0531e+007
1.03486e+008
1.44905e+007
1.18425e+007
2.7984e+007
1.63095e+007
2.83155e+007
1.425e+006
2.56085e+007
6.9087e+007
1.4479e+007
6.9815e+006
2.97465e+007
4.266e+007
4.0485e+006
7.011e+006
2.11095e+007
6.6567e+007
887000
8.6373e+007
1.2183e+007
2.817e+007
3.09725e+007
4.3229e+007
8.0179e+007
7.5111e+007
4.3956e+007
1.6767e+007
6.273e+006
6.5934e+007
2.6568e+007
1.15035e+007
4.10155e+007
3.90065e+007
1.01596e+008
4.3221e+007
1.8208e+007
8.04115e+007
4.5171e+007
2.3327e+007
3.304e+006
3.309e+006
5.7315e+006
6.1368e+007
3.0789e+007
1.0514e+008
2.43685e+007
2.43e+007
1.596e+007
2.39235e+007
3.0679e+007
1.2514e+007
7.063e+006
1.13128e+008
3.9573e+007
5.8876e+007
6.75895e+007
9.5064e+007
9.5552e+007
4.70135e+007
6.1086e+007
1.65125e+007
1.01607e+008
5.6028e+007
3.6264e+007
4.8906e+007
1.09905e+007
2.2227e+007
8.18975e+007
2.77515e+007
1.19346e+008
9.5064e+007
7.0656e+007
7.658e+007
4.408e+006
1.06074e+008
7.344e+006
1.31e+006
1.4076e+007
9.8565e+006
9.7824e+007
8.685e+006
1.9716e+007
2.1216e+007
4.96035e+007
9.3579e+007
3.5265e+006
8.5047e+007
5.2641e+007
4.7518e+007
7.271e+006
5.04765e+007
1.90305e+007
1.05303e+008
1.62645e+007
8.0632e+007
3.16975e+007
4.02045e+007
5.0077e+007
2.2534e+007
7.716e+006
6.3189e+007
1.887e+007
3.6812e+007
2.3259e+007
1.0733e+007
1.49265e+007
5.4845e+006
1.8663e+007
4.99695e+007
4.95605e+007
2.186e+006
5.3144e+007
5.84205e+007
3.44175e+007
3.70765e+007
1.4739e+007
7.989e+006
5.83565e+007
3.165e+006
3.76515e+007
2.43e+007
4.6269e+007
2.7438e+007
5.6708e+007
5.85085e+007
2.8083e+007
4.6596e+007
1.3797e+007
2.84745e+007
1.6748e+007
6.5175e+007
1.4095e+006
4.54425e+007
8.8817e+007
3.61405e+007
2.4034e+007
1.3057e+007
2.69875e+007
1.5296e+007
9.2382e+007
1.7636e+007
1.71345e+007
2.142e+007
3.0558e+007
7.6539e+007
5.559e+006
7.4225e+007
2.8325e+007
3.54895e+007
2.12025e+007
4.79435e+007
1.1331e+008
1.894e+006
4.716e+007
3.1934e+007
1.35975e+007
9.27685e+007
2.26435e+007
6.0037e+007
8.54415e+007
4.16565e+007
3.8193e+007
5.1921e+007
3.72695e+007
3.4218e+007
5.357e+006
2.50385e+007
5.4585e+006
3.7789e+007
1.30905e+007
1.22115e+007
1.2434e+007
5.40215e+007
2.739e+006
1.3352e+007
4.3014e+007
1.2434e+007
3.777e+007
1.4256e+007
3.7344e+007
4.0383e+007
7.591e+006
6.87995e+007
3.378e+007
1.90625e+007
2.3575e+006
1.1768e+007
2.3611e+007
8.937e+006
3.9619e+007
8.9955e+006
1.7392e+007
1.371e+007
1.04824e+008
2.7545e+007
1.596e+006
9.7524e+007
1.19175e+007
7.1475e+006
3.64845e+007
1.6103e+007
4.2264e+007
4.10065e+007
1.0911e+007
5.6238e+007
3.165e+006
3.0315e+007
6.681e+006
4.14335e+007
4.8073e+007
1.3197e+007
2.4753e+007
4.398e+007
1.227e+007
1.1271e+007
2.3606e+007
4.331e+007
1.33585e+007
1.89655e+007
5.3481e+007
2.22205e+007
2.6805e+007
1.2015e+006
2.7945e+007
5.195e+006
5.0184e+007
6.72375e+007
3.1446e+007
6.5175e+007
9.7535e+006
1.03399e+008
7.65335e+007
4.091e+007
1.96145e+007
9.954e+006
5.8296e+007
2.4039e+007
2.8524e+007
3.25295e+007
1.483e+007
5.139e+007
6.8115e+007
9.162e+006
3.06655e+007
6.713e+006
9.171e+007
9.1169e+007
1.2228e+007
3.9535e+006
2.5425e+007
3.9072e+007
3.7178e+007
7.28255e+007
8.06345e+007
3.6917e+007
1.0038e+007
1.3108e+007
3.573e+006
7.23615e+007
8.0611e+007
6.22745e+007
4.33485e+007
5.8895e+007
4.0044e+007
5.771e+006
3.2517e+007
3.2718e+007
8.12155e+007
4.81975e+007
6.2201e+007
1.4797e+007
3.2614e+007
1.16564e+008
5.36455e+007
2.0422e+007
6.871e+006
7.149e+006
4.6236e+007
9.0387e+007
1.2436e+007
4.5034e+007
6.7254e+007
7.961e+006
1.10797e+008
1.94955e+007
3.4233e+007
1.0701e+007
9.47765e+007
7.23705e+007
2.0015e+006
1.97685e+007
1.134e+006
3.0436e+007
3.67285e+007
2.4204e+007
2.48005e+007
9.9827e+007
1.36865e+007
4.6184e+007
1.39e+006
2.0164e+007
3.8448e+007
7.886e+007
2.32665e+007
7.35345e+007
7.8408e+007
3.67495e+007
4.54435e+007
3.7764e+007
6.7852e+007
1.04805e+007
7.632e+006
2.1798e+007
8.40915e+007
1.91535e+007
1.9929e+007
4.1949e+007
2.2692e+007
1.2991e+007
2.25685e+007
8.9955e+006
3.5379e+007
1.78215e+007
4.66e+006
3.8605e+006
6.6874e+007
1.905e+007
1.1682e+007
9.37845e+007
3.43075e+007
2.2287e+007
2.1198e+007
4.84815e+007
7.75725e+007
1.14227e+008
9.0495e+006
1.5218e+007
4.266e+006
8.021e+006
1.656e+006
5.54325e+007
1.87115e+007
1.0151e+008
2.0421e+007
1.6345e+006
2.4704e+007
8.3166e+007
2.55765e+007
3.88665e+007
4.227e+006
3.4233e+007
2.5615e+007
1.1563e+008
3.2718e+007
7.9545e+006
1.06305e+007
1.5575e+007
4.851e+006
1.597e+006
6.1185e+006
9.805e+006
3.9961e+007
5.0661e+007
2.736e+006
1.134e+007
6.4425e+006
1.4429e+007
6.00195e+007
1.92145e+007
1.9536e+007
5.37135e+007
2.5536e+007
1.482e+006
5.674e+007
2.6112e+007
2.4234e+007
2.04895e+007
7.956e+006
1.98375e+007
9.2595e+006
6.04035e+007
1.6524e+007
7.2437e+007
