1.498e+007
5.63175e+007
3.29465e+007
2.897e+007
4.1832e+007
7.1874e+007
1.4479e+007
2.10545e+007
4.0659e+007
9.937e+006
1.42785e+007
2.3906e+007
2.83335e+007
4.8169e+007
5.06715e+007
1.417e+006
6.3598e+007
5.4195e+006
4.02735e+007
1.73145e+007
3.84415e+007
8.262e+006
7.18e+006
8.308e+006
2.868e+007
6.984e+006
2.35015e+007
1.3606e+007
3.1557e+007
752000
3.1716e+007
2.17745e+007
7.8907e+007
2.3443e+007
5.03415e+007
1.1605e+007
7.681e+006
2.2642e+007
4.4564e+007
2.67795e+007
2.6901e+007
5.7144e+007
8.8305e+006
4.7253e+007
2.0427e+007
1.96575e+007
6.2118e+007
3.3779e+007
1.1165e+007
3.07725e+007
1.8594e+007
3.0622e+007
2.2977e+007
8.58655e+007
4.86e+006
2.144e+006
1.6614e+007
1.1169e+007
3.3408e+007
1.4387e+007
2.4948e+007
7.5255e+006
2.9523e+007
1.5557e+007
4.5462e+007
1.39175e+007
1.6504e+007
4.7226e+007
3.006e+006
4.4982e+007
7.31145e+007
4.2895e+006
7.58835e+007
3.70525e+007
3.5211e+007
6.11005e+007
4.66275e+007
2.70995e+007
4.2066e+007
4.8919e+007
4.0647e+007
8.856e+006
1.9936e+007
1.02675e+007
5.1935e+007
2.70305e+007
8.613e+006
1.12065e+007
1.8864e+007
3.80605e+007
1.246e+007
1.1165e+007
2.9256e+007
2.39985e+007
4.6899e+007
1.1469e+007
3.4734e+007
4.49865e+007
2.4712e+007
1.18695e+007
